loglikelihood_method: -8.008601480054619
enforced_loglikelihood_method: -7.994121603628923
ranking_method: -7.660912168081209
